29150193205
29150024098
29149999291
29149748914
29149678330
29149638602
29149608299
29149508287
29149499435
29149492284
29149404952
29149383360
29149375668
29149337872
29149282766
29149148074
29148931458
29148761440
29148708767
29148687687
29148557472
29148521538
29148420906
29148382274
29148272652
29148239549
29148212291
29148180815
29148113159
29148041824
29148004477
29147979973
29147972281
29147902623
29147873791
29147859037
29147588708
29147555246
29147510973
29147372234
29147352818
29147330955
29147311059
29147301798
29147259466
29147234439
29147159653
29147116354
29147105323
29147065325
29146976949
29146968507
29146959530
29146944816
29146910694
29146769014
29146742205
29146727018
29146724156
29146700292
29146681167
29146640259
29146582132
